1,52.246373660729475,-0.8825422640536403,
1,52.24677984224805,-0.8822650522628122,
1,52.24696196179848,-0.8810463733536097,
1,52.248941109471176,-0.8799655142949351,
1,52.250318552107785,-0.8791777093964196,
1,52.250090698724705,-0.8785959028771785,
1,52.24857744123708,-0.8764234452722749,
1,52.248418020955455,-0.8761429592131229,
1,52.248516928798715,-0.8756537451747876,
1,52.248848978691164,-0.875858668910158,
1,52.24902420158058,-0.8750540422963471,
1,52.24918851452355,-0.8743028322491091,
1,52.24927255580184,-0.8739194848517516,
1,52.24935334159993,-0.8735344840716082,
1,52.24946149231766,-0.8729322740967305,
1,52.24968211457833,-0.8717589119242066,
1,52.24986112943184,-0.8707513592868292,
1,52.250029291511346,-0.8698435115329854,
1,52.2500092280962,-0.8698407283135978,
1,52.24998214328305,-0.8698289666959785,
1,52.24970329269441,-0.8697676406190945,
1,52.24966455358553,-0.8697593979130364,
1,52.24960664793547,-0.8697552809064244,
1,52.24966351024172,-0.8693242780175019,
1,52.24973090614386,-0.8689011389713333,
1,52.249366336233216,-0.8686699453671793,
1,52.24903838156762,-0.8684742161172094,
1,52.24882971089509,-0.8684189687607323,
1,52.248580712557334,-0.8680879006044724,
1,52.24836652101519,-0.8678098138297389,
1,52.24793746891708,-0.8673285349391072,
1,52.247800004436854,-0.8671014256763963,
1,52.247594588464636,-0.8667379350178157,
1,52.24730569843198,-0.8661834191267784,
1,52.247067503210566,-0.8658333459097962,
1,52.24689008403705,-0.8656240637575126,
1,52.24661732459405,-0.8653824887380775,
1,52.246234820571196,-0.8651069368881036,
1,52.24587826293214,-0.864912813449007,
1,52.24510397934486,-0.8646000630135945,
1,52.24431178899703,-0.8643133183212214,
1,52.24306756614395,-0.8637347233447231,
1,52.24276961684776,-0.8635681662335892,
1,52.24235768153907,-0.8632791780344676,
1,52.2401607698763,-0.8614224152710648,
1,52.23998372969124,-0.863361076992661,
1,52.239646066080105,-0.866315714690885,
1,52.23958479521072,-0.8669584317339605,
1,52.23956867768747,-0.8672162124314713,
1,52.23953433425557,-0.8686394277117094,
1,52.23950060235164,-0.8690891807604295,
1,52.23941529308545,-0.8696931115062171,
1,52.23903305615088,-0.8723969567516368,
1,52.23858265248604,-0.8754842703664193,
1,52.23826473025664,-0.8777256447426054,
1,52.2381391779195,-0.8786280484908237,
1,52.23809774886816,-0.878998549746833,
1,52.23806567223283,-0.8797432230850246,
1,52.23803943275724,-0.8802211729234666,
1,52.23890043601983,-0.880455344911325,
1,52.2394429527269,-0.8806784941512572,
1,52.24070553110206,-0.8812419439886595,
1,52.241413719447124,-0.8816151352178737,
1,52.24142211208577,-0.8812856141114409,
1,52.24143889996554,-0.8807039535162348,
1,52.241443406008095,-0.8807057426400969,
1,52.24146055877822,-0.880524449693319,
1,52.24151166441035,-0.8801302890597512,
1,52.241615934660466,-0.8793935453777612,
1,52.24169627576775,-0.8788357153308856,
1,52.24172611842746,-0.8786237107321291,
1,52.24400308728014,-0.8795544048797312,
1,52.244698929351806,-0.8798380650688359,
1,52.245261105246605,-0.8800670337054248,
1,52.24602739847615,-0.8803811530677924,
1,52.246282829335655,-0.8804858594451058,
1,52.24610046748108,-0.8816547040726392,
1,52.245925026889616,-0.8827963777344421,
2,52.24670705215867,-0.8223916108156064,
2,52.24697606400898,-0.8224464487760755,
2,52.24697471429534,-0.8226266501015216,
2,52.24705708971416,-0.8226376527130993,
2,52.24706737202284,-0.8225868462119781,
2,52.247176303347274,-0.8226101823158172,
2,52.24712148154813,-0.8232887945266635,
2,52.24712074993964,-0.8232965771375795,
2,52.247200780155126,-0.8233158457596217,
2,52.24726313907297,-0.8233301622335152,
2,52.247324877555634,-0.8233453740210072,
2,52.247374887313846,-0.823356501766001,
2,52.24739111754103,-0.8233611991664551,
2,52.247446094275816,-0.8233745392053399,
2,52.24745672777421,-0.8233768945372818,
2,52.247520893682626,-0.823392188722468,
2,52.247527652506776,-0.8233937676822203,
2,52.24761733241294,-0.8234160039273428,
2,52.24759912616569,-0.8237995258156904,
2,52.247790941356605,-0.8237856651738542,
2,52.24780896925032,-0.823790315238502,
2,52.24783576225339,-0.8238174377728,
2,52.247838995725964,-0.8238261410109052,
2,52.247835580955645,-0.8239346256970946,
2,52.24783218067047,-0.8240445747716282,
2,52.24782877299099,-0.8241537916292859,
2,52.247825770884454,-0.8242586033830288,
2,52.247825083484194,-0.8242798609886441,
2,52.24789847033775,-0.8242911044210661,
2,52.24797735998033,-0.8243041066785972,
2,52.24801517314266,-0.8243094058735257,
2,52.24827248939068,-0.8243455235768675,
2,52.248309132037875,-0.8243505608136953,
2,52.248387276909575,-0.8243610927967013,
2,52.24841203734581,-0.824364686329844,
2,52.248493691132225,-0.8243845004092637,
2,52.24848929864634,-0.8244399863398337,
2,52.248487273158524,-0.8244623049893604,
2,52.24848214254279,-0.8244888071649011,
2,52.24847991198439,-0.8244995592266008,
2,52.24847699734181,-0.8245138449095102,
2,52.248467836504815,-0.824541918384127,
2,52.24845866837176,-0.8245692596350902,
2,52.24845471834357,-0.8245788852760679,
2,52.248450318893624,-0.8245885227911115,
2,52.24844241883323,-0.8246077740643543,
2,52.24842835078727,-0.8246396391845399,
2,52.248419566453926,-0.8246603786124381,
2,52.24840953589379,-0.8246914046160095,
2,52.24840212896773,-0.8247150372465811,
2,52.24839655616194,-0.8247422834283539,
2,52.24839279560984,-0.8247709465299939,
2,52.24839197693596,-0.8247790246001061,
2,52.248390405177325,-0.8248017706393643,
2,52.2485592257191,-0.8248206199885525,
2,52.24870835083887,-0.8248609484203733,
2,52.24881311036601,-0.8248977881000666,
2,52.24891471022466,-0.8249044247067399,
2,52.249000559841484,-0.8249091454227031,
2,52.2494551700017,-0.8248948063117949,
2,52.249785539281454,-0.8248977282882435,
2,52.25011569898968,-0.8248796848106734,
2,52.25064038615507,-0.8248658225509087,
2,52.251113791074175,-0.8248719556187353,
2,52.25144296202475,-0.8248982083567634,
2,52.25177803774543,-0.8249429465317748,
2,52.25200307238482,-0.8249952524500924,
2,52.252235489081755,-0.8250706651002582,
2,52.25246783888395,-0.8251390895847253,
2,52.252650310577046,-0.8252251430060896,
2,52.25288030732509,-0.825344894227464,
2,52.25308602423781,-0.8254676171710066,
2,52.253266121242376,-0.825602668659291,
2,52.25336265217578,-0.8256746837131912,
2,52.253564588199865,-0.8258487717965026,
2,52.2538013227387,-0.8260708777599018,
2,52.25399920228146,-0.8262683785450645,
2,52.25422915886318,-0.826527949027124,
2,52.254379833397465,-0.8267243682589841,
2,52.254552533462224,-0.826978463946727,
2,52.254740980454706,-0.8272344757038332,
2,52.254923942491914,-0.8275139368697862,
2,52.25513574952572,-0.8278182721454094,
2,52.25538975649243,-0.8281960657339035,
2,52.255685823141576,-0.828633342700504,
2,52.25588033250398,-0.8289241629458065,
2,52.2563013352098,-0.8295585642367029,
2,52.2565616996723,-0.830001458851149,
2,52.25668003861922,-0.8298212420367986,
2,52.25675163487162,-0.8296865307178806,
2,52.25696252785639,-0.8293221112471179,
2,52.257233096253096,-0.8289188314753118,
2,52.257577657547095,-0.8283341610507603,
2,52.25785815989603,-0.8279236161985125,
2,52.258410746337645,-0.8271190471743264,
2,52.25886747736698,-0.8264544824423509,
2,52.2591407559033,-0.8260371125880321,
2,52.25933598161527,-0.8256800614763714,
2,52.25951925678691,-0.825272053552637,
2,52.25973418746066,-0.8247396893745245,
2,52.25984713702669,-0.8244500565807752,
2,52.25992864100586,-0.8243057433635005,
2,52.25998166958873,-0.8241738338371112,
2,52.260002419902904,-0.8241033706221454,
2,52.26002630601493,-0.8240607905023857,
2,52.260056028329345,-0.8240297071829735,
2,52.26006826784582,-0.823966460788212,
2,52.260080638728134,-0.8237727032422736,
2,52.260121509442875,-0.8235688699585939,
2,52.260299211686295,-0.823032816334861,
2,52.260549093594825,-0.8222781073646882,
2,52.26061119973663,-0.8220527334513065,
2,52.260714821059686,-0.8216887587511873,
2,52.260810825844686,-0.8212783727659629,
2,52.26096023866026,-0.8206311865292287,
2,52.261164436333,-0.8197424948970248,
2,52.261498896472354,-0.8182956604749422,
2,52.26167541590844,-0.8175009066750508,
2,52.261737043418535,-0.817228921975877,
2,52.261774382814735,-0.8171020769031243,
2,52.261821918269476,-0.8169936056299925,
2,52.26185227327933,-0.8168832615571074,
2,52.26187707410351,-0.816789379272244,
2,52.261886729759944,-0.8167541628320801,
2,52.261889216310145,-0.8167168074263115,
2,52.261888655955474,-0.8166608877637388,
2,52.26187075830791,-0.8164446210232735,
2,52.26187268425899,-0.8163513459789545,
2,52.261888979659346,-0.8161225157939541,
2,52.26191570942872,-0.8157931914741707,
2,52.26193653110888,-0.8154453802523723,
2,52.26194600938951,-0.8151071944270571,
2,52.2619462732249,-0.8148484921696754,
2,52.26193603677554,-0.8145411288828966,
2,52.26191612404469,-0.8141244857733542,
2,52.26189908922121,-0.8138522622496505,
2,52.2618638889894,-0.8136224738624064,
2,52.261833190968076,-0.8134135407527238,
2,52.261801529766565,-0.813109080237129,
2,52.261738346490304,-0.8125141396345433,
2,52.2617128941935,-0.8119741282729377,
2,52.2616991345297,-0.8116016036163531,
2,52.26170150177269,-0.8114104339407917,
2,52.26170253157849,-0.811228621908623,
2,52.26162495440028,-0.8111934071294483,
2,52.26155853250588,-0.8111299270914512,
2,52.26148894913177,-0.8110362364650786,
2,52.26143792471252,-0.8109397156612478,
2,52.261396744534736,-0.8108266207534767,
2,52.26137412689687,-0.8107106983286151,
2,52.26136273561428,-0.8105735008315166,
2,52.26137445153468,-0.8104589897559354,
2,52.26140894881432,-0.810334547200392,
2,52.261473304526156,-0.8101929914337395,
2,52.261547760722735,-0.810060488262151,
2,52.26161232831242,-0.8099398994952287,
2,52.26164431900967,-0.8098504837333006,
2,52.261668806196795,-0.8097263064613934,
2,52.26169167892119,-0.809583529931502,
2,52.261727930366824,-0.8093495026764164,
2,52.261777323270465,-0.8088587583988293,
2,52.261839414575675,-0.8083513600015949,
2,52.26190111126923,-0.8079465151341985,
2,52.26199491037268,-0.8074638996441599,
2,52.26211427723063,-0.8069642817838266,
2,52.26222827680738,-0.8064997636103527,
2,52.26233885782733,-0.8061215674092992,
2,52.2623856527612,-0.8059408531997315,
2,52.262430968463065,-0.8057555187737871,
2,52.262510495786046,-0.8054177729631957,
2,52.26257420007194,-0.805071132044903,
2,52.262629917122936,-0.8047829672916815,
2,52.26268091603657,-0.8044529776860183,
2,52.26273087846078,-0.8040204688509687,
2,52.26279747595169,-0.8035362366453184,
2,52.2628699787642,-0.8030704897579604,
2,52.26292561733324,-0.8027753302730828,
2,52.26295577087809,-0.8026463346660903,
2,52.26296106397607,-0.8026042393803621,
2,52.26284354328138,-0.8025083541380933,
2,52.26282690189337,-0.8024889917108388,
2,52.26278949439837,-0.8024666939512934,
2,52.26277498489394,-0.802446107770832,
2,52.26276691014282,-0.802425349735713,
2,52.26274692422653,-0.8023582989692399,
2,52.26273965677011,-0.8023468428120767,
2,52.2627180006279,-0.802326449218319,
2,52.262703526579145,-0.8023093612543508,
2,52.26268894616102,-0.8022817862166447,
2,52.262677917652695,-0.8022517842432134,
2,52.26266417999232,-0.8022370062757423,
2,52.26264983679719,-0.8022327316419561,
2,52.262633478954285,-0.8022413280896507,
2,52.26259803320403,-0.8022714171677487,
2,52.26258451092015,-0.802277607408332,
2,52.26257020317728,-0.8022768279659567,
2,52.2625392040484,-0.8022520266090731,
2,52.262511864070994,-0.8022352824286585,
2,52.26248528505902,-0.8022231817367529,
2,52.26245589589295,-0.802215814874557,
2,52.26243733256092,-0.8022186447821099,
2,52.26241232538566,-0.8022204848663864,
2,52.26238015976558,-0.8022213514498118,
2,52.26237371019511,-0.8022033104239837,
2,52.26236739319298,-0.8021565919449262,
2,52.26236493064939,-0.8021354118652252,
2,52.26236299070123,-0.8020328951781182,
2,52.26236137019609,-0.8019618732120073,
2,52.262357233299035,-0.8019085023115972,
2,52.262338245450984,-0.8018980244762752,
2,52.26231558885761,-0.8018803191714651,
2,52.26229288024111,-0.8018574868466862,
2,52.262279744028426,-0.801847583982679,
2,52.2622705922086,-0.801831712674763,
2,52.26224510443654,-0.8018008963286821,
2,52.26223286705155,-0.8017909692676313,
2,52.26220855488421,-0.8017872287025541,
2,52.262188323723386,-0.8017870413170948,
2,52.26216678800665,-0.8017912848836213,
2,52.26214347871816,-0.801797774140113,
2,52.26212019735882,-0.8018071931625412,
2,52.26211033903064,-0.8018103893727143,
2,52.26209958366761,-0.8018136097566751,
2,52.26209016732366,-0.8018160614214344,
2,52.2620798539449,-0.8018185372602459,
2,52.26206728605325,-0.8018203412263916,
2,52.26205426604885,-0.8018221573758677,
2,52.26204663430376,-0.8018230956810494,
2,52.26203855134476,-0.8018240461460462,
2,52.262024170924654,-0.8018244336964284,
2,52.26200933185898,-0.8018241009773218,
2,52.2619971985199,-0.8018244279688341,
2,52.26198459910355,-0.8018233022624566,
2,52.261971094321844,-0.8018214683271668,
2,52.26195758210836,-0.8018189019644802,
2,52.26194992063623,-0.8018169105546302,
2,52.261942265697,-0.8018156515978617,
2,52.26193688103292,-0.8018165293427737,
2,52.26192971920141,-0.8018196528667938,
2,52.261923480295046,-0.8018249494016537,
2,52.261918580407745,-0.8018294772208663,
2,52.26191413083533,-0.8018339929032947,
2,52.2618763912075,-0.8018804328656175,
2,52.26185787596545,-0.8018721402974126,
2,52.26184884305232,-0.8018679879602658,
2,52.26181826135271,-0.801866614217365,
2,52.261810156098726,-0.8018653673908076,
2,52.261798913261295,-0.8018649377447183,
2,52.26178358108905,-0.8018602225459743,
2,52.261768669505706,-0.8018525655135278,
2,52.26175194359614,-0.8018434921299645,
2,52.261734334615426,-0.801835907801408,
2,52.261723475208285,-0.8018288742061707,
2,52.26171393995672,-0.8018196070547057,
2,52.261703933891745,-0.80180815472188,
2,52.26169571805878,-0.8017959215227124,
2,52.26169112728211,-0.8017865211285108,
2,52.26168323451895,-0.8017618246182681,
2,52.26168039591289,-0.8017479812621885,
2,52.26167929730989,-0.8017282300188864,
2,52.261678691815206,-0.8017128612310501,
2,52.26167569058748,-0.8016829045324496,
2,52.26167035961203,-0.8016449517682798,
2,52.26166749395738,-0.8016281786567334,
2,52.261662400821734,-0.8016136634591381,
2,52.26165828264477,-0.8016064482233645,
2,52.26164737592929,-0.8015950202291636,
2,52.261640590087616,-0.8015908073979878,
2,52.261634247127674,-0.8015858500068619,
2,52.26162658565155,-0.8015838586508298,
2,52.26161669759614,-0.8015841251820992,
2,52.26160773157138,-0.8015865647289534,
2,52.26159968014402,-0.8015904448677527,
2,52.26157820389697,-0.8016005478456945,
2,52.26156613002218,-0.8016067342686576,
2,52.26155403205044,-0.8016107234714387,
2,52.26154684139097,-0.8016109172899055,
2,52.261531943758825,-0.8016047252478323,
2,52.261526491299975,-0.8015990112420089,
2,52.261518327477376,-0.801591905078188,
2,52.26150064504793,-0.8015769966551456,
2,52.261491146942966,-0.8015713917071903,
2,52.2614834771344,-0.8015686679633249,
2,52.26147537277605,-0.8015674211753225,
2,52.26146504273745,-0.8015684322431141,
2,52.26144434908939,-0.8015667921806393,
2,52.26143440900096,-0.8015619317756391,
2,52.26142078528155,-0.8015483792272974,
2,52.261412548020594,-0.8015339488712582,
2,52.2614074920413,-0.8015230958639465,
2,52.261395067893446,-0.8014948586099127,
2,52.261382652071596,-0.8014673537663661,
2,52.261378053835195,-0.801457221053406,
2,52.26136931984643,-0.8014384084042264,
2,52.26136428142314,-0.8014290201828415,
2,52.261358820622945,-0.8014225738256844,
2,52.2613533746907,-0.801417592306874,
2,52.261343436393936,-0.8014127318964951,
2,52.26133847794734,-0.8014114003314295,
2,52.2613330766199,-0.8014108133245205,
2,52.261324560913444,-0.8014132407500003,
2,52.26131341471815,-0.8014223326514338,
2,52.261309871427244,-0.8014275564987614,
2,52.26130590935491,-0.8014357221067981,
2,52.26129714404978,-0.8014579369370158,
2,52.26129189883344,-0.8014727306899635,
2,52.261284886583994,-0.8014905025434501,
2,52.26127394852259,-0.8015201020961071,
2,52.26126957329596,-0.8015319419131116,
2,52.26126179600412,-0.8015629214811268,
2,52.26125700108953,-0.801577703071978,
2,52.2612468884074,-0.8015999541667,
2,52.26124155397763,-0.8016059588872185,
2,52.26123351741482,-0.8016113038223996,
2,52.261224991574416,-0.8016129988601499,
2,52.26121778784632,-0.8016117277950913,
2,52.261206507842545,-0.8016076361363882,
2,52.261193878691046,-0.8016035808446618,
2,52.261186687132295,-0.8016037746859973,
2,52.26118178251611,-0.8016075699647975,
2,52.261165457963514,-0.8016380472182717,
2,52.261161952725224,-0.8016469330832107,
2,52.261158025104095,-0.8016587607933812,
2,52.26113941809206,-0.8016856364521381,
2,52.2611349759566,-0.8016908844833188,
2,52.26112560510681,-0.8016977305815375,
2,52.26110947814788,-0.8017032935356759,
2,52.26110006923683,-0.8017064775800516,
2,52.2610910883438,-0.8017074522439447,
2,52.26108748648013,-0.8017068167054432,
2,52.26107981577536,-0.8017040929859927,
2,52.261072124571065,-0.8016991719775297,
2,52.26106621436913,-0.8016927377413487,
2,52.26106119826343,-0.8016855467951972,
2,52.26105154407968,-0.801664561194742,
2,52.26104738131008,-0.8016529515719968,
2,52.2610399519035,-0.8016297081792656,
2,52.261035781697615,-0.8016173661496443,
2,52.261027047734565,-0.801598553612356,
2,52.26102341613829,-0.801594988431532,
2,52.26101979197497,-0.8015921556642248,
2,52.26101260784907,-0.801593081919011,
2,52.26100188222185,-0.8015992319221965,
2,52.26098986601128,-0.8016112776107998,
2,52.260982712515634,-0.8016151334868918,
2,52.26097957493351,-0.8016159506684771,
2,52.260968317228276,-0.8016140562659282,
2,52.26096198643839,-0.8016105638415505,
2,52.260947583718014,-0.8016087542107115,
2,52.26093725367802,-0.8016097652549132,
2,52.260930467836445,-0.8016055524870255,
2,52.26091820813544,-0.8015934285339712,
2,52.26090461415174,-0.8015828057748817,
2,52.26089958880864,-0.8015748825045962,
2,52.26089221231873,-0.8015567660535795,
2,52.2608856974917,-0.8015349633268525,
2,52.26088198412585,-0.8015233416452684,
2,52.260875400592575,-0.8014949472821983,
2,52.26087215150644,-0.8014847783130005,
2,52.26086800358694,-0.8014746335747669,
2,52.26086299220544,-0.8014681751681544,
2,52.260857996590055,-0.8014631815592359,
2,52.26085394441,-0.8014625581826553,
2,52.260848993397474,-0.80146195903589,
2,52.26084359950366,-0.8014621044383333,
2,52.26082925625163,-0.8014661541379273,
2,52.26081805058053,-0.8014693866461942,
2,52.26077554187934,-0.8014888477693897,
2,52.260750486073135,-0.8015005123107294,
2,52.26073125127528,-0.8015098221041814,
2,52.26072543769906,-0.8015129092467744,
2,52.26071467400917,-0.8015153972131654,
2,52.260703356833915,-0.8015076435847017,
2,52.260698803202864,-0.8015019054669646,
2,52.260694257005134,-0.8014968997579456,
2,52.26068033592723,-0.8014540511591304,
2,52.26067615737067,-0.8014409768625851,
2,52.26066872882211,-0.8014177336748363,
2,52.26065625914608,-0.8013851024994916,
2,52.26064888442521,-0.8013669861304951,
2,52.260639326834266,-0.801355522079184,
2,52.26062841535661,-0.8013433619257482,
2,52.26062660102485,-0.8013419456252485,
2,52.26062328501409,-0.8013251850670684,
2,52.26062139903178,-0.801316444631773,
2,52.26062022421311,-0.8012893698561646,
2,52.26062406821585,-0.8012694858366389,
2,52.260625760891486,-0.8012591837050616,
2,52.2606301137867,-0.8012451468148903,
2,52.26063398188543,-0.8012274599581991,
2,52.26063519539979,-0.8012142403140147,
2,52.26063504669198,-0.8011995921841033,
2,52.26063261372357,-0.8011813426098751,
2,52.26062891519455,-0.8011711858369878,
2,52.26062481660156,-0.8011661681005011,
2,52.26061576135627,-0.8011598187998559,
2,52.260605373632295,-0.8011549706431143,
2,52.26059726273211,-0.8011529915225539,
2,52.26058825210061,-0.8011510366626932,
2,52.26057971883054,-0.8011519993564397,
2,52.26056854291075,-0.8011581615461378,
2,52.260557884226294,-0.801170903237635,
2,52.26055435581677,-0.8011775918253723,
2,52.260550017800384,-0.801193093508165,
2,52.26054784507369,-0.8012004781459076,
2,52.26054447190561,-0.8012225472590992,
2,52.26054512297171,-0.8012423100532141,
2,52.26054659851636,-0.8012547245639604,
2,52.260548094567035,-0.8012693363392525,
2,52.26055060930511,-0.8012956423402715,
2,52.26055117767808,-0.8013073487060591,
2,52.26055134867633,-0.8013241940243537,
2,52.2605501333518,-0.8013374136892282,
2,52.260546784259034,-0.8013616799603622,
2,52.26054465612793,-0.8013734590197888,
2,52.26054159852713,-0.8013823327133167,
2,52.26053809330709,-0.8013912184726002,
2,52.26052837623675,-0.8014083303463777,
2,52.26050803198339,-0.8014411133954578,
2,52.26048238123313,-0.8014828307107036,
2,52.260472673380384,-0.8015006748984662,
2,52.26045583253402,-0.8015245721816714,
2,52.26044826025636,-0.8015313697277476,
2,52.26043976414925,-0.801535994361888,
2,52.260433022904905,-0.8015361760707447,
2,52.26042672454231,-0.8015356132382345,
2,52.2604195106828,-0.8015336098761157,
2,52.26040681642485,-0.8015229629998009,
2,52.260402697343935,-0.8015157479986705,
2,52.26039540261455,-0.8015056881876627,
2,52.26038899928331,-0.8014948717488092,
2,52.26037159348381,-0.8014631064188458,
2,52.26036513157666,-0.8014464307507917,
2,52.26035777647095,-0.8014305117679847,
2,52.26034269387487,-0.8014060098780987,
2,52.26032725016963,-0.8013903089621593,
2,52.26031770091404,-0.8013795773647084,
2,52.26030679597429,-0.8013681497173951,
2,52.26028690360684,-0.8013569643648797,
2,52.26027743522854,-0.8013542892155211,
2,52.26026350332405,-0.8013546648018243,
2,52.26025234226131,-0.8013622916960786,
2,52.26024300116611,-0.8013720673246285,
2,52.260234116920614,-0.8013825632335932,
2,52.260219472038344,-0.8014012730336116,
2,52.260209793034235,-0.8014220467549297,
2,52.26020454961694,-0.8014368400996243,
2,52.26020064431629,-0.8014508647701103,
2,52.260197213427986,-0.8014670744489787,
2,52.260195129887535,-0.80148324780655,
2,52.26019097766677,-0.8015170593157686,
2,52.26018890898605,-0.8015346974672982,
2,52.26018638345319,-0.8015516153316806,
2,52.260182959085235,-0.8015685574211497,
2,52.26017815673385,-0.8015826062517036,
2,52.26017638880061,-0.8015855843012218,
2,52.26017151211787,-0.8015923091382505,
2,52.26016617025375,-0.8015975813134489,
2,52.260160358472035,-0.8016006683557079,
2,52.2601540740764,-0.8016015703384601,
2,52.260147783146714,-0.8016017398981445,
2,52.26013967045535,-0.8015997607634168,
2,52.26013155122986,-0.8015970492068571,
2,52.260113943129674,-0.8015894652180435,
2,52.260106250122455,-0.8015845443821673,
2,52.26009901486322,-0.8015803438081769,
2,52.26008953162337,-0.801576203826602,
2,52.26008006594603,-0.8015735285689828,
2,52.260071502939,-0.8015715615798591,
2,52.26005793125207,-0.8015631362168841,
2,52.260057468767165,-0.8015616834877652,
2,52.260054210456566,-0.8015507823511792,
2,52.26005090754529,-0.8015354868344423,
2,52.26004899927893,-0.8015245493113485,
2,52.260047546962454,-0.8015143320963538,
2,52.26004190866119,-0.8014903083694797,
2,52.26004097355947,-0.801486670589762,
2,52.260035932444076,-0.8014772827136415,
2,52.26003043537675,-0.801467174533256,
2,52.26002311744313,-0.8014549176483318,
2,52.260014909907184,-0.8014434173446949,
2,52.260008543740035,-0.8014362629877726,
2,52.26000127873985,-0.8014291328625222,
2,52.25999077208164,-0.8014125663723476,
2,52.25998575326275,-0.8014053757027885,
2,52.259979835610785,-0.8013982092650884,
2,52.259966219306506,-0.8013853895990106,
2,52.25995760695322,-0.8013782958105019,
2,52.25994900856926,-0.8013726668394265,
2,52.25993952622109,-0.801368526891497,
2,52.25993005784262,-0.8013658517593795,
2,52.25992149009435,-0.8013631523490141,
2,52.25991293631589,-0.8013619177531748,
2,52.25990302595531,-0.8013599871339306,
2,52.25989357514186,-0.8013587767216528,
2,52.25988368708434,-0.801359043286352,
2,52.25987521508371,-0.8013658650264319,
2,52.25986005477675,-0.8013779952259371,
2,52.25984000946341,-0.80139611785544,
2,52.2598297388964,-0.8014029880659027,
2,52.259810113259356,-0.8014181689849573,
2,52.25980118440477,-0.8014242704242613,
2,52.259792704966166,-0.8014303597463779,
2,52.25976640588349,-0.8014523138647139,
2,52.259733429757524,-0.8014810412686328,
2,52.25971603722323,-0.801494696742656,
2,52.25968975952904,-0.801518847981767,
2,52.25967862075367,-0.801528671906671,
2,52.259671031809894,-0.8015340045981123,
2,52.25966344466353,-0.8015393372392604,
2,52.25965586405125,-0.8015454022932536,
2,52.259649182271346,-0.801551443118312,
2,52.259636178929654,-0.801554723968036,
2,52.25962623883897,-0.8015498637569057,
2,52.2596171687468,-0.8015420497374691,
2,52.259612174931995,-0.8015370562094285,
2,52.259599021127634,-0.8015256893185847,
2,52.259581780671205,-0.8015100370503304,
2,52.259572283460436,-0.8015044323278181,
2,52.25956190971709,-0.8015010490021934,
2,52.259556058972194,-0.8015004741182514,
2,52.25954394792987,-0.8015029983349975,
2,52.259539034083716,-0.8015060611416119,
2,52.259482247207096,-0.801536162736269,
2,52.259460787618345,-0.8015477299685899,
2,52.25944824945772,-0.8015524634411048,
2,52.25944105046384,-0.8015519248916092,
2,52.25943472980093,-0.8015491649067116,
2,52.25942974815622,-0.8015456362441687,
2,52.259419328915776,-0.801537858624105,
2,52.25941389221881,-0.8015336096426059,
2,52.25940888173938,-0.8015271514136761,
2,52.259397917346504,-0.8015098648703781,
2,52.25938973031868,-0.8015005619230153,
2,52.259383402221125,-0.8014970695625558,
2,52.25937708809159,-0.8014950419990016,
2,52.25937120941022,-0.8014915375263848,
2,52.25936488604942,-0.8014887776269556,
2,52.259358115069844,-0.801486029793802,
2,52.25935180183893,-0.8014840022086868,
2,52.25934593712553,-0.8014819625343658,
2,52.2593365439831,-0.8014866112392608,
2,52.25933129875744,-0.801501404332653,
2,52.25932652794282,-0.8015183823913162,
2,52.2593231844435,-0.801543380413401,
2,52.25932331823989,-0.8015565633429769,
2,52.259320247188356,-0.801652614788347,
2,52.25932037354011,-0.8016650653326178,
2,52.25931910794609,-0.8016731578791259,
2,52.259316072617445,-0.8016842284610748,
2,52.25931030542582,-0.8016917097400089,
2,52.25930583355852,-0.8016940280127716,
2,52.25929687495933,-0.8016971997877146,
2,52.25927574405722,-0.8016970366818672,
2,52.25923935619261,-0.8016994825031328,
2,52.259215110003,-0.8017023336868755,
2,52.259205679690496,-0.8017033204158104,
2,52.25919312575955,-0.8017065890746852,
2,52.259184654635675,-0.8017134106165287,
2,52.25917617338275,-0.801719499845823,
2,52.25916049583244,-0.8017250504252214,
2,52.25915240723571,-0.8017252684071757,
2,52.259144751393656,-0.8017240095618622,
2,52.259138438166474,-0.8017219819521239,
2,52.25913254372856,-0.8017170127281535,
2,52.25912843299075,-0.801710530271348,
2,52.259124762439164,-0.8017033033707868,
2,52.25912108535376,-0.8016953440655126,
2,52.25910907350535,-0.8016634341852791,
2,52.25910399614076,-0.8016503845527918,
2,52.25909201311218,-0.8016214042460645,
2,52.25908143215326,-0.8015975142353163,
2,52.25907405566906,-0.8015793985165801,
2,52.25905500431636,-0.8015183752018378,
2,52.25904764448461,-0.8015017242195204,
2,52.2590407917372,-0.8014909202198128,
2,52.25903350354064,-0.8014815931219106,
2,52.25902442601021,-0.8014730468386766,
2,52.25901172994829,-0.801462400355886,
2,52.259003139900145,-0.80145750384074,
2,52.25899501323674,-0.8014540599966388,
2,52.25898553089036,-0.8014499201168526,
2,52.258958446967036,-0.8014389289029561,
2,52.25894267279065,-0.8014349586298384,
2,52.2589179771906,-0.801437822050364,
2,52.258860870674674,-0.8014364310730608,
2,52.25884154666849,-0.8014369519610269,
2,52.25883795966992,-0.8014377812275819,
2,52.25882049010278,-0.80144411274371,
2,52.258815142607155,-0.801448652348714,
2,52.25879422074466,-0.8014689958694573,
2,52.25878706635119,-0.8014728515964291,
2,52.25878125457089,-0.801475938556253,
2,52.25876643216181,-0.8014770706633619,
2,52.258745345859246,-0.8014813019126488,
2,52.258709106665506,-0.8014983953710824,
2,52.25868665814475,-0.8015011981716849,
2,52.258679496316645,-0.8015043215095208,
2,52.258661228140326,-0.8015201979686826,
2,52.258647473728956,-0.8015381504774772,
2,52.25863668120036,-0.8015377087944395,
2,52.25860613051447,-0.8015839517836889,
2,52.25860413614654,-0.8016089130336962,
2,52.258605340614984,-0.8016389160845839,
2,52.2586037213281,-0.8016565414884946,
2,52.25859891896188,-0.8016705898078619,
2,52.25858922413957,-0.8016898979866739,
2,52.258581659280296,-0.801697427586968,
2,52.25857096336946,-0.8017065067097638,
2,52.25856692425571,-0.8017073481332445,
2,52.25856108274055,-0.8017075055568995,
2,52.25855386234878,-0.8017047698494504,
2,52.25854471794457,-0.8016896322612888,
2,52.25854194622484,-0.8016823812333516,
2,52.258540996265005,-0.8016772788274832,
2,52.25853104568242,-0.8016269995073392,
2,52.25852519095779,-0.8015817378229936,
2,52.258525574377174,-0.8015751343395355,
2,52.25852678229947,-0.801561182911828,
2,52.25852972662349,-0.8015413241046897,
2,52.25853871837391,-0.801497127407869,
2,52.25854688561114,-0.8014602786429109,
2,52.25854714175213,-0.8014412248526991,
2,52.258544311445746,-0.8014281148389625,
2,52.25853966117055,-0.8014128561680987,
2,52.25853689686789,-0.8014063375304981,
2,52.25853098844764,-0.8013999036465449,
2,52.25852553507982,-0.8013941900700156,
2,52.25850204738029,-0.801383102058122,
2,52.25844857515966,-0.8013852760427128,
2,52.25845813431855,-0.8013527852361491,
2,52.25846374716615,-0.8013299242243146,
2,52.258465439850724,-0.8013196225969367,
2,52.258468339526516,-0.8012953695769652,
2,52.25846820570249,-0.8012821869021498,
2,52.25846618589244,-0.8012602642168675,
2,52.258461628129865,-0.8012098396809862,
2,52.25845551894714,-0.8011836318281477,
2,52.25845271745508,-0.8011734513645743,
2,52.25844899482305,-0.8011610980245317,
2,52.25844206025392,-0.8011422381479447,
2,52.25843745455604,-0.8011313737641426,
2,52.25842647613368,-0.8011126229288608,
2,52.258416493207044,-0.8011033686767594,
2,52.25840203662589,-0.8010964327613437,
2,52.258397527590425,-0.8010950891969201,
2,52.258384037663326,-0.8010947203521555,
2,52.25837143259601,-0.8010928625099861,
2,52.258348563512904,-0.8010986071080649,
2,52.25833784534094,-0.8011054892198003,
2,52.258320054578924,-0.8011242831223231,
2,52.25829920622653,-0.8011519502687178,
2,52.25815512019976,-0.8013946515519373,
2,52.258113486553064,-0.8012346094286479,
2,52.258099999935546,-0.8011902865421335,
2,52.25807821561006,-0.8011256755837718,
2,52.25806250417772,-0.8010836104456365,
2,52.25804828226593,-0.8010554238966985,
2,52.2580345543813,-0.8010316194294661,
2,52.258014062936944,-0.801005799660258,
2,52.25798182626972,-0.800974436117564,
2,52.25792653729399,-0.8009305081191944,
2,52.25790122867586,-0.800917271913559,
2,52.25786735139693,-0.8009013365441591,
2,52.25783205996129,-0.8009674861423415,
2,52.25779456602271,-0.801038090382843,
2,52.257720739483226,-0.8011609532202749,
2,52.25768265654263,-0.8012176543890298,
2,52.25766177842399,-0.8012423916603542,
2,52.25762801681479,-0.8012821273708315,
2,52.25759438811089,-0.8013350454608765,
2,52.257581630997564,-0.801362493943894,
2,52.25755506338619,-0.8013580822042998,
2,52.25751998006269,-0.8013560976865874,
2,52.25750153821962,-0.8013551296940281,
2,52.257489389106176,-0.8013539920752442,
2,52.25747367439744,-0.801355880790731,
2,52.25745210984009,-0.8013571946382159,
2,52.257422957241076,-0.8013638409045121,
2,52.25739118991683,-0.8013786157315527,
2,52.25736793830341,-0.8013909633366725,
2,52.2573482763844,-0.801402481616489,
2,52.25733047070141,-0.8014198102719352,
2,52.2573269199717,-0.801424301294234,
2,52.257311242429665,-0.8014298517360646,
2,52.2573044640135,-0.8014263716820916,
2,52.25729672729435,-0.8014170570440673,
2,52.25729487759191,-0.801411979038387,
2,52.25728551756676,-0.801375603745849,
2,52.25728126466412,-0.801355206937157,
2,52.25727791059098,-0.8013347859032569,
2,52.25727549995358,-0.8013187347500204,
2,52.25727311161736,-0.8013048806519817,
2,52.257268933048096,-0.8012918073666012,
2,52.25726025287788,-0.8012781228841744,
2,52.25725752664042,-0.8012752661715341,
2,52.25724802198226,-0.8012689294336302,
2,52.25723856103306,-0.8012669868260054,
2,52.25722736279409,-0.8012709514590223,
2,52.25720457073894,-0.8012840192356279,
2,52.25718721269169,-0.8013013358148735,
2,52.257167654861796,-0.8013231069777708,
2,52.25716227763121,-0.8013247170279704,
2,52.25715375922278,-0.8013271443019285,
2,52.25713841305149,-0.8013209650336928,
2,52.25711528374765,-0.8013010771458843,
2,52.25709718813554,-0.8012898441677787,
2,52.25709131688166,-0.8012870722453811,
2,52.25708276309893,-0.8012858377339747,
2,52.25707647960122,-0.801286739667479,
2,52.25707334765592,-0.8012882891922455,
2,52.257063947081825,-0.8012922053448313,
2,52.25705904720835,-0.8012967327188143,
2,52.257055946798374,-0.8013012115840437,
2,52.25703686632373,-0.801325900004663,
2,52.25702220746501,-0.8013431437422815,
2,52.257017308488315,-0.8013476710821283,
2,52.25701016152998,-0.801352259016643,
2,52.257001630949,-0.8013532215105021,
2,52.25699937643224,-0.8013525497352233,
2,52.25698853096253,-0.8013469817061136,
2,52.256985361845516,-0.8013448694914143,
2,52.256971305349396,-0.8013327951026247,
2,52.256953568146756,-0.8013127619302856,
2,52.25693628305378,-0.8012927165863266,
2,52.256913971695916,-0.8012647487502957,
2,52.25690854152434,-0.8012612324062038,
2,52.25690403248982,-0.8012598888677188,
2,52.25689955319402,-0.8012614747094048,
2,52.256895538184054,-0.8012645131254492,
2,52.2568893504376,-0.8012749355645066,
2,52.256887613146986,-0.8012808427586139,
2,52.25686655322856,-0.8013319560668247,
2,52.25684634008312,-0.8013779186900665,
2,52.25683225700703,-0.8014076000683507,
2,52.2568207654532,-0.8014269559598695,
2,52.256810996327985,-0.8014389399769347,
2,52.25680525144767,-0.8014486178910357,
2,52.25678785800437,-0.8014622724839293,
2,52.25678382902102,-0.8014638461636474,
2,52.256775295742116,-0.801464808703186,
2,52.256768975075474,-0.8014620488900702,
2,52.25676490802614,-0.8014599608792721,
2,52.256739989411024,-0.8014408538540115,
2,52.25671321365711,-0.8014159365682124,
2,52.256635036802486,-0.8013316038903276,
2,52.25661319717341,-0.8013058211279077,
2,52.256596810013505,-0.8012857517326633,
2,52.25656587142221,-0.8012492261989044,
2,52.25655996119568,-0.8012427926654404,
2,52.25654460668548,-0.8012358811907153,
2,52.25653698057505,-0.8012375518523307,
2,52.256534293308285,-0.8012383568342614,
2,52.256515918374596,-0.8012439799532733,
2,52.25650920686541,-0.8012470910349073,
2,52.256502060809,-0.801251678907539,
2,52.25649626390085,-0.8012562304093503,
2,52.25648334054286,-0.8012675668654808,
2,52.256462404727316,-0.8012864446863447,
2,52.25644946175949,-0.8012955840395375,
2,52.256444967593914,-0.8012957051856794,
2,52.25643639714392,-0.8012930060622884,
2,52.256430046735304,-0.8012873169449145,
2,52.256421875457804,-0.8012794793010191,
2,52.25641365867343,-0.8012672476623579,
2,52.25640864254282,-0.8012600575087014,
2,52.25640138406715,-0.8012536603412594,
2,52.25638693582514,-0.8012474569929025,
2,52.25637838204117,-0.8012462225064902,
2,52.25636847167396,-0.8012442920538068,
2,52.25635677377171,-0.801243142325744,
2,52.256344189209315,-0.8012434815728007,
2,52.2563370050803,-0.8012444077742418,
2,52.256326249720644,-0.8012476278540575,
2,52.25632132754377,-0.8012499581501332,
2,52.25630880425631,-0.801256156028326,
2,52.25629183141048,-0.8012668690616183,
2,52.25628648955486,-0.8012721408080437,
2,52.25627444362301,-0.8012812559474822,
2,52.25626327511907,-0.80128814982502,
2,52.256250324716035,-0.8012965568015502,
2,52.25624719456764,-0.8012981062474311,
2,52.25623014557653,-0.8013014959583579,
2,52.25622699312496,-0.8013008484014337,
2,52.25621930753806,-0.801296660368828,
2,52.256212049963125,-0.8012902631978914,
2,52.256192015426016,-0.8012651645719198,
2,52.25617344065397,-0.8012510146185333,
2,52.25616665479729,-0.8012468023452658,
2,52.25615898587559,-0.8012440789446391,
2,52.25613557070669,-0.8012403149546039,
2,52.25611043311748,-0.8012439227241039,
2,52.256089796229645,-0.8012481416957214,
2,52.2560598274758,-0.8012628676633923,
2,52.256053558846226,-0.801265234239136,
2,52.256048584626654,-0.8012624382017444,
2,52.25604132704983,-0.801256041060539,
2,52.256036780841505,-0.8012510358935385,
2,52.256009466412856,-0.8012173432614109,
2,52.255998546586675,-0.8012044520842179,
2,52.2559940003762,-0.8011994469272723,
2,52.25598811245194,-0.8011952104718372,
2,52.25596601015328,-0.8011877484778264,
2,52.255952107080695,-0.8011910533996577,
2,52.25593379432342,-0.8012025350203936,
2,52.25592356836693,-0.8012137986304748,
2,52.25588973150287,-0.8012462095283623,
2,52.2558767067552,-0.8012472931633763,
2,52.25586949288687,-0.8012452900412051,
2,52.25586090282757,-0.801240393904407,
2,52.2558282706446,-0.8012141700422878,
2,52.25579380925168,-0.8011850654215212,
2,52.2557762531633,-0.8011826085936506,
2,52.25577221405137,-0.8011834500076641,
2,52.25576100094174,-0.801185949872523,
2,52.25574762253398,-0.8011965658988842,
2,52.25574274022871,-0.8012025577260787,
2,52.25572767387777,-0.8012242071369761,
2,52.25571796604512,-0.8012420494553442,
2,52.25570200265117,-0.8012637230215414,
2,52.25569087131913,-0.8012742784377398,
2,52.25567439812869,-0.8012901055191323,
2,52.25565341026459,-0.8013038567085233,
2,52.25562657908383,-0.8013177653914777,
2,52.25560461060735,-0.8013234852201265,
2,52.25559339006,-0.8013252527161239,
2,52.2555740716803,-0.8013265059627516,
2,52.25557092666271,-0.8013265907359661,
2,52.255543032196215,-0.8013244125319628,
2,52.25549893079173,-0.8013197410958482,
2,52.255484563428936,-0.8013215934099165,
2,52.25543786870353,-0.8013272471826528,
2,52.25538317368654,-0.8013419068309309,
2,52.2553615868194,-0.8013410236479884,
2,52.25534449321986,-0.8013400193531306,
2,52.25534089878551,-0.8013401162383713,
2,52.2553246603137,-0.8013346937782436,
2,52.255316526209484,-0.8013305179117828,
2,52.255308376338064,-0.8013248774334797,
2,52.25528384110638,-0.8012991680933965,
2,52.255279302334124,-0.8012948953242791,
2,52.255264832688205,-0.8012864951347345,
2,52.25525310235029,-0.8012824162206167,
2,52.255236923351006,-0.801282852332586,
2,52.255227994492955,-0.8012889531564611,
2,52.25514206243899,-0.8013264302616432,
2,52.25513490330643,-0.8013295532966158,
2,52.255116190456356,-0.8013461730396798,
2,52.25511530559213,-0.8013476619221805,
2,52.25510908899707,-0.8013551546421537,
2,52.2550808466931,-0.8014071919545931,
2,52.25506934026433,-0.8014250824466349,
2,52.25506044113212,-0.8014341124774593,
2,52.25505329416678,-0.8014387001911031,
2,52.25503892859838,-0.8014405523974111,
2,52.25503711696367,-0.801439136194622,
2,52.25502988079737,-0.8014349361341981,
2,52.255008203829206,-0.8014252651680618,
2,52.25499466186058,-0.8014197700390292,
2,52.254978484657435,-0.8014202060485143,
2,52.25497490329208,-0.8014217676010916,
2,52.25496864119234,-0.8014248664317,
2,52.2549211516912,-0.8014407966210005,
2,52.254897782921695,-0.8014414264453898,
2,52.25488245635596,-0.8014374444466398,
2,52.254863492552396,-0.8014291654091815,
2,52.25483459697983,-0.8014167589908083,
2,52.254803018874036,-0.8014058899102698,
2,52.2547805183046,-0.8014035663085498,
2,52.25475265357014,-0.8014043173255507,
2,52.254740983602936,-0.8014060968765715,
2,52.254688969302286,-0.8014192189158507,
2,52.2546782139339,-0.8014224388276393,
2,52.254662034033366,-0.8014228749038624,
2,52.254650321262574,-0.80142026054969,
2,52.25463766236078,-0.8014132766481038,
2,52.254625827956175,-0.8013989454493514,
2,52.25461399624636,-0.8013846141855271,
2,52.254603104375505,-0.8013746526432154,
2,52.25458592336636,-0.8013648606165479,
2,52.25458139946399,-0.8013620525202546,
2,52.254557086358545,-0.8013583127902209,
2,52.25454900339272,-0.8013592631575035,
2,52.25453015109106,-0.8013619688029617,
2,52.25450731261026,-0.8013706419327135,
2,52.25448848081174,-0.8013755445348754,
2,52.254475426324454,-0.8013736988708839,
2,52.254451923745705,-0.8013611472358954,
2,52.25442883161512,-0.8013449220277048,
2,52.25440165102652,-0.8013244120093389,
2,52.25439305353523,-0.8013187837105388,
2,52.25436595471807,-0.8013063290602495,
2,52.254355144616675,-0.8013044229257217,
2,52.25433312409623,-0.8013050164681518,
2,52.254322802379946,-0.8013067596859128,
2,52.25430218124957,-0.8013124430255343,
2,52.25428920020318,-0.8013179204311645,
2,52.254282946438146,-0.801321751504673,
2,52.25427669741048,-0.8013263149515704,
2,52.2542606019798,-0.8013348063006565,
2,52.25425521551415,-0.8013356839854847,
2,52.254237688261576,-0.8013361564021301,
2,52.25423228782684,-0.8013355694599309,
2,52.25421648390137,-0.8013286704152102,
2,52.25419381977932,-0.8013102362689197,
2,52.25417203961939,-0.8012903133138309,
2,52.254161172739884,-0.8012825487189853,
2,52.25413856808568,-0.8012699730148568,
2,52.25412999019833,-0.8012665417298873,
2,52.25411331063742,-0.8012618638260157,
2,52.254078262667896,-0.8012635410349292,
2,52.25407511764959,-0.8012636258080319,
2,52.25404552305432,-0.8012710160067291,
2,52.25403204798654,-0.8012721117188099,
2,52.25401494874629,-0.8012703751262823,
2,52.25398476258229,-0.8012638638052265,
2,52.25397665167663,-0.8012618849399318,
2,52.253958622966174,-0.8012572434189907,
2,52.25392397237162,-0.8012537824380505,
2,52.25390056462985,-0.801250750908637,
2,52.2538947082421,-0.8012494437748516,
2,52.25386667994599,-0.801234084373922,
2,52.25385492256259,-0.8012270763439636,
2,52.253843620232466,-0.8012207885465199,
2,52.25382915621662,-0.8012131209877136,
2,52.253816513969085,-0.8012076018104212,
2,52.253810190598124,-0.8012048422835036,
2,52.25379082940323,-0.8012017017085737,
2,52.25377512212134,-0.8012043225930716,
2,52.2537491460651,-0.801213812718815,
2,52.25372763263933,-0.8012202525691874,
2,52.25370606806973,-0.8012215663423162,
2,52.25369889227087,-0.8012232247534635,
2,52.25365198602239,-0.8012523238136241,
2,52.25361981297521,-0.8012715033070582,
2,52.25360591259012,-0.8012748079437787,
2,52.25355269465414,-0.8012579301223514,
2,52.25353779699114,-0.8012517392688581,
2,52.25351300472432,-0.801245082634752,
2,52.25337715060645,-0.8017811104486933,
2,52.25316344682626,-0.8025651291823527,
2,52.25291754125648,-0.8034175809254825,
2,52.25268814767874,-0.8042066668660528,
2,52.25254035608406,-0.8047191982589589,
2,52.25233837110993,-0.8054159318427797,
2,52.25232930867415,-0.8054088505581616,
2,52.25205804364998,-0.8064122894369767,
2,52.25189956863878,-0.8070559822884654,
2,52.251837067884665,-0.8073660250255148,
2,52.25180927002883,-0.8075513506309767,
2,52.25180393785117,-0.8076020334021891,
2,52.25179881179806,-0.8076732195408779,
2,52.25179733370219,-0.8077494350991907,
2,52.251797932596126,-0.8078087483777899,
2,52.2518007859434,-0.8078687336903916,
2,52.251805431337104,-0.8079279385178928,
2,52.251817207069045,-0.8080257726990578,
2,52.25182245464347,-0.8080556629746871,
2,52.251838628361256,-0.8081438573705974,
2,52.25185223800714,-0.8082006246802976,
2,52.25183851256555,-0.808444169702811,
2,52.25183045259857,-0.80844731548299,
2,52.251829583320806,-0.80845026861726,
2,52.251821665086794,-0.8085120074980877,
2,52.25181153667392,-0.8085774678683406,
2,52.25179688538857,-0.8086401195169624,
2,52.25178688773508,-0.8086740805100091,
2,52.25177423140164,-0.8087117750026572,
2,52.25176371871804,-0.8087391576141756,
2,52.25175184299828,-0.8087651117996019,
2,52.251740807009114,-0.8087851838013153,
2,52.251721858785565,-0.8088230467344633,
2,52.25172246423422,-0.8088384121704358,
2,52.25164619804974,-0.8089966148439061,
2,52.25147657089406,-0.8090618044819042,
2,52.251405018490644,-0.8090988782282097,
2,52.25134522480076,-0.8091429615475056,
2,52.251317611965845,-0.8091686042738562,
2,52.25129002956353,-0.8091971759629788,
2,52.25127046013846,-0.8092182085646965,
2,52.2512207908031,-0.8092854589787309,
2,52.25119779026489,-0.809322697282515,
2,52.251160718448645,-0.8093910751445728,
2,52.25112809647521,-0.8094549390820598,
2,52.25101194622432,-0.8097056155002449,
2,52.25062284939309,-0.8105290382640785,
2,52.25045381379366,-0.8108851292593962,
2,52.25026545884225,-0.811287144861382,
2,52.25005962684916,-0.8117394293275295,
2,52.24979106575897,-0.8123017840126283,
2,52.24980017198383,-0.8123132596988453,
2,52.24959070240802,-0.812752887516426,
2,52.24919991322991,-0.8135798176079434,
2,52.24918276405449,-0.8136179212825978,
2,52.24869622170542,-0.8146512909363809,
2,52.24840272753754,-0.8152838530365824,
2,52.248398646027994,-0.8152802997208113,
2,52.24807798931105,-0.8159838867299508,
2,52.248080287806424,-0.8159889523429045,
2,52.2476664317397,-0.8169476836847984,
2,52.2474854644188,-0.8174160990008215,
2,52.24737526829675,-0.8177244340997634,
2,52.24724881429739,-0.8181152267955325,
2,52.24716579647289,-0.8183994002968722,
2,52.24707646886106,-0.8187269508523802,
2,52.24698874490608,-0.8190800908386354,
2,52.2469163908592,-0.8193969349081298,
2,52.24682138470027,-0.8198762345233958,
2,52.246765189448276,-0.8201998248131994,
2,52.246714845196905,-0.8205152029994152,
2,52.24671408305134,-0.8205199104157739,
2,52.24663611797299,-0.8211305812449813,
2,52.24658451940558,-0.8217259040493816,
2,52.24656324607158,-0.8220267407536759,
2,52.24654722231961,-0.822358197871107,
3,52.278603556676636,-0.8647834737098767,
3,52.27861666385349,-0.8647627627739118,
3,52.278618075653874,-0.8647597965721836,
3,52.27868016438265,-0.8646343500949278,
3,52.27917889613719,-0.8636358442039573,
3,52.27921603269145,-0.863561603509729,
3,52.27924381676332,-0.8635059246550355,
3,52.27936748310145,-0.8632582636066677,
3,52.27941299944914,-0.8631670945388784,
3,52.279455073348124,-0.8630827605669349,
3,52.27949767865344,-0.8629979716213594,
3,52.27954240510037,-0.8629087307402805,
3,52.279607506091146,-0.8627789510156241,
3,52.279670754633315,-0.8626528829100584,
3,52.279690871484,-0.8626129384898055,
3,52.279733477828195,-0.8625282922617539,
3,52.27977494363968,-0.8624460262731505,
3,52.27981640795283,-0.862363610652567,
3,52.27985998861917,-0.8622771814516467,
3,52.27987808146347,-0.8622422694436922,
3,52.27990537201397,-0.8622283795112785,
3,52.27991199336908,-0.862215748835911,
3,52.279925207881796,-0.8621875609088284,
3,52.27993006503185,-0.8621786400061308,
3,52.27993538140364,-0.8621704446603408,
3,52.27994463396932,-0.8621511502924898,
3,52.279953862803,-0.8621289263036656,
3,52.2799697437917,-0.8620977368818125,
3,52.27998604160858,-0.8620628736172355,
3,52.280121403398624,-0.8617882248368331,
3,52.2801311317736,-0.8617718498164451,
3,52.280140857607094,-0.8617547448609044,
3,52.280145726279684,-0.8617465564964791,
3,52.28015059753332,-0.8617391024548626,
3,52.28015720473959,-0.8617250090798817,
3,52.28016291923016,-0.8617116685645608,
3,52.28018057841534,-0.8616782345113653,
3,52.28023001085581,-0.861583153507661,
3,52.280332627043876,-0.8613763613402154,
3,52.28049177611107,-0.8610556905714305,
3,52.28069232503421,-0.8606425004419405,
3,52.280918319527615,-0.8601836294347142,
3,52.281121976570546,-0.8597748547619459,
3,52.280906527514496,-0.8594641931988197,
3,52.280851091200745,-0.8593842603002929,
3,52.28079693201713,-0.8593060553224912,
3,52.28062979843043,-0.8590645190659228,
3,52.2805680715175,-0.8589755152268372,
3,52.2805036987371,-0.8588826202940163,
3,52.280440420459776,-0.8587911633756389,
3,52.280366522501026,-0.858680190430026,
3,52.28025474097908,-0.8585562654640767,
3,52.28017034431854,-0.8583356242900664,
3,52.28012763488353,-0.8583352558589311,
3,52.28011579865707,-0.8582734094557459,
3,52.28008623769906,-0.8581450263802353,
3,52.280073685655665,-0.858149013577239,
3,52.28006380192604,-0.8581492675804188,
3,52.28005840085681,-0.8581486734594991,
3,52.280049823318016,-0.8580983221760514,
3,52.280040063895164,-0.8579725101874894,
3,52.28000727334838,-0.8577893893888352,
3,52.27993038988514,-0.8575091910560637,
3,52.28007224825554,-0.8574238956600996,
3,52.28015072459295,-0.857375849899932,
3,52.28020397080456,-0.8573504406111817,
3,52.28021606361006,-0.8573457320600628,
3,52.280228589863235,-0.857339546506232,
3,52.280240213774924,-0.8573326512283085,
3,52.28025137847674,-0.8573250348297715,
3,52.28026567137026,-0.8573158721222724,
3,52.28027906901095,-0.8573067324331672,
3,52.280286632130775,-0.857298475721029,
3,52.280299518339454,-0.8572827528269246,
3,52.28030440348709,-0.8572767637648384,
3,52.28048584511857,-0.8571196476569337,
3,52.28060503645692,-0.8570056171808625,
3,52.28061104647485,-0.8570042884125598,
3,52.280719309752904,-0.856903290052937,
3,52.28080167299299,-0.8568205480702281,
3,52.2808328347627,-0.8567889629543286,
3,52.28085865928331,-0.8567633786226392,
3,52.28093744921037,-0.8566829268824642,
3,52.28101536770873,-0.8566054290381173,
3,52.28112756183292,-0.8564933334788573,
3,52.28125263932532,-0.8563647809741671,
3,52.28132916056283,-0.856282187366639,
3,52.28138743008615,-0.8562183869899704,
3,52.281472011553106,-0.8561326535698566,
3,52.28154596113222,-0.8560633184303345,
3,52.28159814712605,-0.8560209296191138,
3,52.281649014122756,-0.8559815064705854,
3,52.281726700056296,-0.8559267336079749,
3,52.281733651887556,-0.8559111626142064,
3,52.28180785007594,-0.8558579452444526,
3,52.28183511145334,-0.8558388929867805,
3,52.28181037265394,-0.8557472044303573,
3,52.28179144440203,-0.85564947630842,
3,52.28174947343656,-0.8554747955430888,
3,52.28172680479012,-0.8553806821989359,
3,52.28170034815253,-0.8552762586454109,
3,52.281675202730796,-0.8551770772056198,
3,52.28164893422176,-0.8550735300502825,
3,52.28162388460394,-0.8549747890703977,
3,52.28159883128027,-0.8548760453645472,
3,52.281574715102586,-0.8547812370023489,
3,52.281528629687095,-0.8545993344842342,
3,52.28152485305021,-0.8545811081468375,
3,52.28151110471559,-0.8545074348620428,
3,52.28148033572298,-0.8543477127028005,
3,52.28142552026453,-0.8541189810013433,
3,52.28132331902994,-0.8536858079345755,
3,52.281213611131754,-0.8532207276893533,
3,52.28119070272809,-0.8531297011562989,
3,52.28116585506928,-0.8530247988767122,
3,52.28113446638794,-0.8528936796876937,
3,52.28112885179291,-0.8528711034582434,
3,52.281118977077114,-0.8528266489852553,
3,52.28111089209355,-0.8527806824366239,
3,52.281101024461634,-0.8527369607595338,
3,52.281087509879406,-0.8526874697491679,
3,52.281079003819606,-0.8526451788356676,
3,52.28107609552985,-0.8526232657169678,
3,52.28105952021102,-0.8525090618754175,
3,52.281043522758985,-0.8523983613048755,
3,52.28102704834924,-0.852285034549841,
3,52.28101008663116,-0.8521682023565824,
3,52.28099380030266,-0.8520557489716997,
3,52.28097809308986,-0.8519473880950298,
3,52.28095795189334,-0.8518083569795913,
3,52.28091496585575,-0.8515117469128025,
3,52.280351922810695,-0.8517379723027227,
3,52.28005047082801,-0.8518590729151977,
3,52.279948105623674,-0.8519002698069293,
3,52.27987905765486,-0.8519279993882786,
3,52.27980839923712,-0.8519563553630418,
3,52.27974248223621,-0.8519828326653973,
3,52.27967137312184,-0.8520113481561764,
3,52.27960142965013,-0.8520395402713726,
3,52.27943879587749,-0.8521048671076257,
3,52.27926001145568,-0.8521738340172358,
3,52.2791499150075,-0.85221493743548,
3,52.27911538094428,-0.8522142156503296,
3,52.27910270422968,-0.8522139582527397,
3,52.27906343764475,-0.8521333266783353,
3,52.279017385503344,-0.8520387987423218,
3,52.27897379008522,-0.8519472857300395,
3,52.27878943113534,-0.8515628790618526,
3,52.278720237904935,-0.8514186719098424,
3,52.278531377532445,-0.8510248568422744,
3,52.27848694565855,-0.850930435849268,
3,52.27844058171598,-0.8508319607861073,
3,52.278441274709955,-0.8508106888395416,
3,52.278404106109484,-0.8507327904315218,
3,52.27836427069465,-0.8506492445436674,
3,52.278315172062754,-0.8505462968331198,
3,52.278258359693474,-0.8504271320757553,
3,52.27822091278657,-0.8503486551900874,
3,52.278183466726915,-0.8502701784137857,
3,52.27814528404842,-0.8501901084663049,
3,52.278107930993436,-0.8501117761267826,
3,52.278071306737544,-0.8500348908393163,
3,52.27802991681142,-0.849948163174036,
3,52.277995683503704,-0.8498764916109829,
3,52.277836715287336,-0.849543184844542,
3,52.27773134936057,-0.8493222361128835,
3,52.27782580367138,-0.8492072186525607,
3,52.277901363048606,-0.8491187809307268,
3,52.27799212319593,-0.8490126529611478,
3,52.2780717713919,-0.848919416679673,
3,52.27815337430572,-0.8488240802512645,
3,52.278235158531444,-0.8487284441482509,
3,52.27831631650281,-0.8486334102336017,
3,52.27839756607676,-0.8485383735947474,
3,52.278488418247754,-0.8484322393814653,
3,52.278572770917236,-0.8483330187990591,
3,52.27865321001168,-0.8482381486407062,
3,52.27874051602876,-0.8481370903226872,
3,52.27881820766275,-0.848046394935348,
3,52.27890150121667,-0.8479489578372843,
3,52.27898265996452,-0.8478540676080863,
3,52.27907057677542,-0.8477512329534959,
3,52.279154844138795,-0.8476524502460764,
3,52.279321253060395,-0.8474577253702412,
3,52.2794026769096,-0.8473626784048489,
3,52.27949266974469,-0.8472608154744169,
3,52.279568014921466,-0.847169003739779,
3,52.27965219745101,-0.8470705141697504,
3,52.279737095375054,-0.8469720056581602,
3,52.27982695466941,-0.8468658922159914,
3,52.279905181400956,-0.8467742989517355,
3,52.27999167159506,-0.8466729628631428,
3,52.2800872282947,-0.8465609834788805,
3,52.28011978539285,-0.8465435741801574,
3,52.27996798037069,-0.845426289664777,
3,52.27992133379636,-0.8450595660765559,
3,52.27949755573532,-0.8451437455041471,
3,52.278525708832554,-0.8453097049933399,
3,52.27816339132659,-0.8453247504466798,
3,52.277577357910246,-0.8454075126596438,
3,52.277215645317014,-0.8454844443857124,
3,52.27682972031758,-0.8455563768542698,
3,52.27643623219356,-0.8455609724812174,
3,52.27556693829047,-0.8459774888457284,
3,52.2754675728907,-0.8460532280683399,
3,52.27477313027408,-0.8463470094475557,
3,52.274350230917136,-0.8465211831549466,
3,52.274140097984834,-0.8465660310769947,
3,52.273843459692706,-0.8465906113562821,
3,52.273629323001664,-0.846579287726971,
3,52.27344931641157,-0.8465276851694933,
3,52.27323123089634,-0.846465818321712,
3,52.27296411889131,-0.8463320684880484,
3,52.272758961035755,-0.8461798309509829,
3,52.27248050540335,-0.8459450882846014,
3,52.27229594468139,-0.8457810649568923,
3,52.27185385368445,-0.8454042719159912,
3,52.27154795084235,-0.8451871338373954,
3,52.271318525914616,-0.8450242814261728,
3,52.27106157260668,-0.8448705891801342,
3,52.27081483529551,-0.8447025639214417,
3,52.27062569913167,-0.8446005662436231,
3,52.27045056268985,-0.8445179007471678,
3,52.27019549873842,-0.844381045122594,
3,52.26988877844224,-0.8442567864592727,
3,52.26963598964253,-0.8441761429131099,
3,52.26920683466228,-0.8440635124745787,
3,52.26896453897361,-0.8439966654730158,
3,52.268874450251836,-0.8439624344514525,
3,52.268445652995545,-0.8438863722169179,
3,52.26829007699386,-0.8438622847135048,
3,52.26826403404222,-0.8442960728867417,
3,52.26816231894079,-0.8452029040846013,
3,52.26832985486406,-0.8452620060719929,
3,52.268568760171604,-0.8453469518994198,
3,52.26857151848026,-0.8453347168482024,
3,52.268608322797675,-0.8453473896671666,
3,52.26900097326752,-0.8454835638265792,
3,52.26900153915407,-0.8454996958311538,
3,52.26892472565257,-0.8459839823567344,
3,52.268867971324326,-0.8459722665274891,
3,52.26883441494101,-0.8459885252677817,
3,52.26804489236638,-0.8462323576356763,
3,52.26787842183672,-0.8462822539495106,
3,52.267867664312234,-0.8462854640528128,
3,52.267721538874405,-0.8463288236198137,
3,52.26769531771468,-0.8464057070778715,
3,52.267607487007716,-0.846664438081865,
3,52.26754980223179,-0.8468337271891477,
3,52.26753259450203,-0.8468209846762064,
3,52.2674313156093,-0.846723942193768,
3,52.26705847466765,-0.8465451256509653,
3,52.26671337978272,-0.846379658449549,
3,52.2666649001529,-0.846364036550541,
3,52.26659593092137,-0.8463714535836953,
3,52.26648240069327,-0.8464109718819283,
3,52.26630685748586,-0.8464633519562609,
3,52.266205185241084,-0.8464800565704178,
3,52.26616772659287,-0.8465830959523449,
3,52.26597669231623,-0.8471375716268653,
3,52.26595746115702,-0.8471937549340203,
3,52.265707888754186,-0.8479226568765483,
3,52.26595837219533,-0.8481623497150026,
3,52.26607635107259,-0.8482750583685476,
3,52.26618570328178,-0.8483791987516089,
3,52.266295058096695,-0.8484833395745441,
3,52.26640305740845,-0.8485867833156392,
3,52.2666294826351,-0.848802927406217,
3,52.26669444825267,-0.8488614380676739,
3,52.266541914955205,-0.849326758242705,
3,52.26641444208493,-0.8497070315596879,
3,52.26598452127622,-0.8509334606435407,
3,52.26594159992251,-0.8511343075722301,
3,52.26592601187566,-0.8513063168993662,
3,52.26624732625057,-0.8513345843965707,
3,52.266553520654135,-0.8514054421518529,
3,52.266791102822204,-0.8515202759353003,
3,52.26749842239387,-0.8518395961439604,
3,52.2680202012118,-0.8520708782731693,
3,52.26850053871784,-0.852300422051581,
3,52.26909687356761,-0.8525663655305041,
3,52.26945740828177,-0.85272304948934,
3,52.26979332001344,-0.8528325459908351,
3,52.27049085971016,-0.8530339943703306,
3,52.270607018520714,-0.8530872660947415,
3,52.27073161863571,-0.8531206263523121,
3,52.270811183487666,-0.8531382687137544,
3,52.271193741162826,-0.8532521928068431,
3,52.27124057963826,-0.8532763062123635,
3,52.27126678879357,-0.8533093920532105,
3,52.27131241677491,-0.853386994525751,
3,52.2714058943523,-0.8535927851439489,
3,52.271518912625574,-0.8534998343994371,
3,52.27164912870354,-0.8534008146480904,
3,52.2717504459969,-0.8533475579397168,
3,52.27192763337823,-0.853286715648011,
3,52.27203779803696,-0.8532557370133649,
3,52.272165297997155,-0.8532327512421287,
3,52.2722099745566,-0.8532119024273255,
3,52.27228042327912,-0.853179135748959,
3,52.272304029393425,-0.8532995112378227,
3,52.27232383058392,-0.8533834082198344,
3,52.27236450233083,-0.8534836505127501,
3,52.272436425682706,-0.853602780076261,
3,52.27257252167079,-0.8537540179386568,
3,52.27302225470523,-0.8542094854399664,
3,52.273201542898704,-0.8543652416961243,
3,52.2733736321188,-0.8544902350994946,
3,52.27352358873503,-0.8546467481597075,
3,52.273752040362794,-0.8548884656334439,
3,52.273971834406375,-0.8551275960253759,
3,52.274396275953485,-0.8556456449786853,
3,52.27462727155154,-0.8559717189841903,
3,52.2752500225584,-0.8568279610371892,
3,52.27546452012432,-0.8572332586465188,
3,52.27581649464356,-0.8579332916333756,
3,52.27606000785479,-0.8584841736407897,
3,52.27631781669311,-0.8590853426711809,
3,52.276505565057754,-0.8595813929412115,
3,52.276679290517556,-0.860055296329329,
3,52.27688763393383,-0.860539568204104,
3,52.2770300200216,-0.8609861402977924,
3,52.277104881487126,-0.8612318465736652,
3,52.27722354220367,-0.8617240514154054,
3,52.27733858852405,-0.862199471750919,
3,52.277556562183,-0.8629677214987654,
3,52.27767804735443,-0.8633951470607799,
3,52.27774896233173,-0.8635903106799707,
3,52.27783325116042,-0.8637401073296439,
3,52.27813767299307,-0.8641656772081233,
3,52.278582328204585,-0.8648155981384192, 